[0.0, -0.009999999776482582]
[0.0, -0.009999999776482582]
[0.0, -0.009999999776482582]
[0.0, -0.009999999776482582]
[0.0, -0.009999999776482582]
[-0.009999999776482582, 0.0]
[0.10000000149011612, 0.09000000171363354]
[-0.009999999776482582, 0.0]
[0.0, -0.009999999776482582]
[0.0, -0.009999999776482582]
[0.0, -0.009999999776482582]
[0.0, 0.09000000171363354]
[0.0, -0.009999999776482582]
[0.0, -0.009999999776482582]
[0.0, 0.09000000171363354]
[0.0, -0.009999999776482582]
[-0.009999999776482582, 0.0]
[-0.009999999776482582, 0.0]
[-0.009999999776482582, 0.0]
[-0.009999999776482582, 0.0]
[0.0, -0.009999999776482582]
[0.0, -0.009999999776482582]
[0.0, -0.009999999776482582]
[0.0, -0.009999999776482582]
[-0.009999999776482582, 0.0]
[0.0, -0.009999999776482582]
[0.0, -0.009999999776482582]
[0.0, -0.009999999776482582]
[0.0, -0.009999999776482582]
[0.0, -0.009999999776482582]
[-0.009999999776482582, 0.0]
[0.0, -0.009999999776482582]
[0.0, -0.009999999776482582]
[-0.009999999776482582, 0.0]
[-0.009999999776482582, 0.0]
[0.0, -0.009999999776482582]
[0.0, -0.009999999776482582]
[0.10000000149011612, -0.009999999776482582]
[0.0, -0.009999999776482582]
[0.0, -0.009999999776482582]
[0.10000000149011612, -0.009999999776482582]
[-0.009999999776482582, 0.0]
[0.0, -0.009999999776482582]
[-0.009999999776482582, 0.10000000149011612]
[0.0, -0.009999999776482582]
[-0.009999999776482582, 0.0]
[-0.009999999776482582, 0.0]
[0.0, -0.009999999776482582]
[0.0, -0.009999999776482582]
[-0.009999999776482582, 0.0]
[0.0, -0.009999999776482582]
[0.0, -0.009999999776482582]
[0.0, -0.009999999776482582]
[0.0, -0.009999999776482582]
[-0.009999999776482582, 0.10000000149011612]
[0.0, -0.009999999776482582]
[-0.009999999776482582, 0.0]
[0.0, -0.009999999776482582]
[0.0, -0.009999999776482582]
[0.0, -0.009999999776482582]
[-0.009999999776482582, 0.0]
[0.0, -0.009999999776482582]
[0.0, -0.009999999776482582]
[-0.009999999776482582, 0.0]
[-0.009999999776482582, 0.0]
[0.0, -0.009999999776482582]
[0.0, -0.009999999776482582]
[0.0, -0.009999999776482582]
[-0.009999999776482582, 0.0]
[0.10000000149011612, -0.009999999776482582]
[-0.009999999776482582, 0.0]
[-0.009999999776482582, 0.0]
[-0.009999999776482582, 0.0]
[0.0, -0.009999999776482582]
[-0.009999999776482582, 0.0]
[0.0, -0.009999999776482582]
[-0.009999999776482582, 0.0]
[0.0, -0.009999999776482582]
[-0.009999999776482582, 0.0]
[-0.009999999776482582, 0.0]
[0.0, -0.009999999776482582]
[-0.009999999776482582, 0.0]
[0.0, -0.009999999776482582]
[0.0, 0.09000000171363354]
[0.10000000149011612, -0.009999999776482582]
[0.0, 0.09000000357627869]
[-0.019999999552965164, 0.10000000149011612]
[0.0, -0.009999999776482582]
[-0.009999999776482582, 0.0]
[0.0, 0.09000000171363354]
[0.10000000149011612, -0.009999999776482582]
[0.0, -0.009999999776482582]
[0.0, -0.009999999776482582]
[0.10000000149011612, 0.19000000320374966]
[0.10000000149011612, -0.009999999776482582]
[-0.009999999776482582, 0.0]
[0.0, -0.009999999776482582]
[0.0, -0.009999999776482582]
[-0.009999999776482582, 0.0]
[-0.009999999776482582, 0.0]
[-0.009999999776482582, 0.0]
[-0.009999999776482582, 0.0]
[-0.009999999776482582, 0.0]
[-0.009999999776482582, 0.0]
[0.0, 0.09000000171363354]
[-0.009999999776482582, 0.0]
[0.10000000149011612, -0.009999999776482582]
[-0.009999999776482582, 0.0]
[-0.009999999776482582, 0.0]
[0.0, 0.09000000171363354]
[0.0, 0.09000000171363354]
[0.0, -0.009999999776482582]
[-0.009999999776482582, 0.10000000149011612]
[0.0, -0.009999999776482582]
[-0.009999999776482582, 0.0]
[-0.009999999776482582, 0.0]
[-0.009999999776482582, 0.0]
[0.09000000357627869, 0.0]
[-0.009999999776482582, 0.0]
[0.0, -0.009999999776482582]
[0.0, -0.009999999776482582]
[0.10000000149011612, -0.009999999776482582]
[0.0, -0.009999999776482582]
[0.0, -0.009999999776482582]
[0.0, -0.009999999776482582]
[-0.009999999776482582, 0.0]
[0.0, -0.009999999776482582]
[-0.009999999776482582, 0.0]
[0.10000000149011612, -0.009999999776482582]
[0.0, -0.009999999776482582]
[0.0, -0.009999999776482582]
[0.0, -0.009999999776482582]
[0.0, -0.009999999776482582]
[0.0, -0.009999999776482582]
[0.0, -0.009999999776482582]
[0.0, -0.009999999776482582]
[-0.009999999776482582, 0.0]
[-0.009999999776482582, 0.0]
[0.0, -0.009999999776482582]
[0.0, -0.009999999776482582]
[-0.009999999776482582, 0.0]
[-0.009999999776482582, 0.0]
[0.0, -0.009999999776482582]
[0.0, -0.009999999776482582]
[-0.009999999776482582, 0.0]
[0.0, -0.009999999776482582]
[-0.009999999776482582, 0.10000000149011612]
[-0.009999999776482582, 0.0]
[0.0, 0.09000000171363354]
[-0.009999999776482582, 0.0]
[0.0, -0.009999999776482582]
[-0.009999999776482582, 0.0]
[0.10000000149011612, -0.009999999776482582]
[0.0, -0.009999999776482582]
[0.0, -0.009999999776482582]
[0.0, -0.009999999776482582]
[-0.009999999776482582, 0.0]
[-0.009999999776482582, 0.0]
[-0.009999999776482582, 0.0]
[-0.009999999776482582, 0.10000000149011612]
[0.0, -0.009999999776482582]
[0.0, -0.009999999776482582]
[-0.009999999776482582, 0.0]
[-0.009999999776482582, 0.0]
[0.0, 0.09000000171363354]
[-0.009999999776482582, 0.0]
[0.0, 0.09000000171363354]
[0.0, -0.009999999776482582]
[0.0, -0.009999999776482582]
[-0.009999999776482582, 0.0]
[-0.009999999776482582, 0.0]
[0.0, -0.009999999776482582]
[-0.009999999776482582, 0.0]
[-0.009999999776482582, 0.0]
[-0.009999999776482582, 0.0]
[-0.009999999776482582, 0.0]
[-0.009999999776482582, 0.0]
[0.0, -0.009999999776482582]
[0.0, -0.009999999776482582]
[-0.009999999776482582, 0.10000000149011612]
[-0.009999999776482582, 0.0]
[0.0, -0.009999999776482582]
[0.0, -0.009999999776482582]
[0.10000000149011612, -0.009999999776482582]
[-0.009999999776482582, 0.0]
[-0.009999999776482582, 0.0]
[0.10000000149011612, -0.009999999776482582]
[-0.009999999776482582, 0.0]
[0.0, -0.009999999776482582]
[0.0, -0.009999999776482582]
[0.0, -0.009999999776482582]
[-0.009999999776482582, 0.0]
[0.0, -0.009999999776482582]
[0.0, -0.009999999776482582]
[-0.009999999776482582, 0.0]
[0.0, -0.009999999776482582]
[0.0, -0.009999999776482582]
[-0.009999999776482582, 0.0]
[0.0, -0.009999999776482582]
[0.0, -0.009999999776482582]
[-0.009999999776482582, 0.0]
[0.0, -0.009999999776482582]
[-0.009999999776482582, 0.0]
[-0.009999999776482582, 0.0]
[-0.009999999776482582, 0.0]
[-0.009999999776482582, 0.0]
[-0.009999999776482582, 0.0]
[0.0, -0.009999999776482582]
[0.0, -0.009999999776482582]
[-0.009999999776482582, 0.10000000149011612]
[-0.009999999776482582, 0.0]
[-0.009999999776482582, 0.10000000149011612]
[0.0, -0.009999999776482582]
[0.0, -0.009999999776482582]
[0.0, -0.009999999776482582]
[0.0, -0.009999999776482582]
[-0.009999999776482582, 0.0]
[-0.009999999776482582, 0.0]
[-0.009999999776482582, 0.0]
[0.0, -0.009999999776482582]
[-0.009999999776482582, 0.10000000149011612]
[-0.009999999776482582, 0.0]
[0.0, -0.009999999776482582]
[0.0, -0.009999999776482582]
[0.0, -0.009999999776482582]
[0.10000000149011612, -0.009999999776482582]
[-0.009999999776482582, 0.0]
[0.0, -0.009999999776482582]
[0.0, -0.009999999776482582]
[-0.009999999776482582, 0.0]
[0.0, -0.009999999776482582]
[-0.009999999776482582, 0.0]
[0.0, -0.009999999776482582]
[0.0, -0.009999999776482582]
[-0.009999999776482582, 0.0]
[0.0, -0.009999999776482582]
[-0.009999999776482582, 0.0]
[0.0, -0.009999999776482582]
[0.0, -0.009999999776482582]
[-0.009999999776482582, 0.0]
[0.0, -0.009999999776482582]
[0.0, -0.009999999776482582]
[-0.009999999776482582, 0.0]
[0.0, -0.009999999776482582]
[0.0, -0.009999999776482582]
[0.10000000149011612, -0.009999999776482582]
[-0.009999999776482582, 0.0]
[0.0, -0.009999999776482582]
[0.0, -0.009999999776482582]
[-0.009999999776482582, 0.0]
[-0.009999999776482582, 0.0]
[-0.009999999776482582, 0.0]
[0.0, -0.009999999776482582]
[0.0, -0.009999999776482582]
[0.0, -0.009999999776482582]
[-0.009999999776482582, 0.0]
[-0.009999999776482582, 0.0]
[0.0, -0.009999999776482582]
[-0.009999999776482582, 0.0]
[-0.009999999776482582, 0.0]
[0.0, -0.009999999776482582]
[-0.009999999776482582, 0.0]
[0.0, -0.009999999776482582]
[-0.009999999776482582, 0.0]
[0.10000000149011612, -0.009999999776482582]
[0.0, 0.09000000171363354]
[0.0, -0.009999999776482582]
[-0.009999999776482582, 0.0]
[0.0, -0.009999999776482582]
[-0.009999999776482582, 0.0]
[-0.009999999776482582, 0.0]
[0.0, -0.009999999776482582]
[0.0, -0.009999999776482582]
[-0.009999999776482582, 0.0]
[0.0, -0.009999999776482582]
[-0.009999999776482582, 0.0]
[0.0, -0.009999999776482582]
[0.0, -0.009999999776482582]
[0.10000000149011612, -0.009999999776482582]
[-0.009999999776482582, 0.0]
[-0.009999999776482582, 0.0]
[-0.009999999776482582, 0.0]
[0.0, -0.009999999776482582]
[-0.009999999776482582, 0.0]
[0.0, -0.009999999776482582]
[0.0, -0.009999999776482582]
[0.0, -0.009999999776482582]
[-0.009999999776482582, 0.10000000149011612]
[0.0, -0.009999999776482582]
[-0.009999999776482582, 0.0]
[-0.009999999776482582, 0.10000000149011612]
[-0.009999999776482582, 0.0]
[-0.009999999776482582, 0.0]
[-0.009999999776482582, 0.0]
[0.0, 0.09000000171363354]
[-0.009999999776482582, 0.0]
[0.0, -0.009999999776482582]
[-0.009999999776482582, 0.0]
[0.0, -0.009999999776482582]
[-0.009999999776482582, 0.0]
[0.0, -0.009999999776482582]
[0.0, -0.009999999776482582]
[0.0, -0.009999999776482582]
[-0.009999999776482582, 0.0]
[0.0, -0.009999999776482582]
[0.0, -0.009999999776482582]
[-0.009999999776482582, 0.0]
[-0.009999999776482582, 0.0]
[0.0, -0.009999999776482582]
[0.0, -0.009999999776482582]
[0.0, -0.009999999776482582]
[-0.009999999776482582, 0.10000000149011612]
[0.0, -0.009999999776482582]
[-0.009999999776482582, 0.0]
[-0.009999999776482582, 0.0]
[0.10000000149011612, -0.009999999776482582]
[-0.009999999776482582, 0.0]
[0.0, -0.009999999776482582]
[-0.009999999776482582, 0.0]
[-0.009999999776482582, 0.0]
[0.0, -0.009999999776482582]
[-0.009999999776482582, 0.0]
[-0.009999999776482582, 0.0]
[0.0, -0.009999999776482582]
[-0.009999999776482582, 0.0]
[0.0, -0.009999999776482582]
[0.0, -0.009999999776482582]
[-0.009999999776482582, 0.0]
[-0.009999999776482582, 0.0]
[0.0, -0.009999999776482582]
[0.0, -0.009999999776482582]
[-0.009999999776482582, 0.0]
[0.0, -0.009999999776482582]
[0.0, -0.009999999776482582]
[-0.009999999776482582, 0.0]
[-0.009999999776482582, 0.0]
[0.0, -0.009999999776482582]
[0.0, -0.009999999776482582]
[0.0, -0.009999999776482582]
[-0.009999999776482582, 0.0]
[0.0, -0.009999999776482582]
[-0.009999999776482582, 0.10000000149011612]
[0.0, -0.009999999776482582]
[0.0, -0.009999999776482582]
[0.0, -0.009999999776482582]
[-0.009999999776482582, 0.0]
[0.0, -0.009999999776482582]
[-0.009999999776482582, 0.0]
[0.10000000149011612, -0.009999999776482582]
[-0.009999999776482582, 0.0]
[0.0, -0.009999999776482582]
[-0.009999999776482582, 0.0]
[-0.009999999776482582, 0.0]
[-0.009999999776482582, 0.0]
[-0.009999999776482582, 0.0]
[-0.009999999776482582, 0.0]
[0.0, -0.009999999776482582]
[0.0, -0.009999999776482582]
[0.0, -0.009999999776482582]
[0.10000000149011612, -0.009999999776482582]
[-0.009999999776482582, 0.0]
[0.0, -0.009999999776482582]
[-0.009999999776482582, 0.10000000149011612]
[-0.009999999776482582, 0.10000000149011612]
[-0.009999999776482582, 0.0]
[-0.009999999776482582, 0.0]
[-0.009999999776482582, 0.0]
[-0.009999999776482582, 0.0]
[-0.009999999776482582, 0.0]
[-0.009999999776482582, 0.0]
[0.0, 0.09000000171363354]
[0.0, -0.009999999776482582]
[-0.009999999776482582, 0.0]
[-0.009999999776482582, 0.0]
[-0.009999999776482582, 0.0]
[-0.009999999776482582, 0.0]
[-0.009999999776482582, 0.0]
[-0.009999999776482582, 0.0]
[0.0, -0.009999999776482582]
[-0.009999999776482582, 0.10000000149011612]
[-0.009999999776482582, 0.0]
[0.0, -0.009999999776482582]
[0.0, -0.009999999776482582]
[-0.009999999776482582, 0.0]
[-0.009999999776482582, 0.0]
[0.0, -0.009999999776482582]
[0.10000000149011612, -0.009999999776482582]
[0.0, 0.09000000171363354]
[-0.009999999776482582, 0.0]
[-0.009999999776482582, 0.0]
[0.0, -0.009999999776482582]
[0.10000000149011612, -0.009999999776482582]
[0.0, -0.009999999776482582]
[-0.009999999776482582, 0.0]
[0.0, -0.009999999776482582]
[-0.009999999776482582, 0.0]
[0.0, -0.009999999776482582]
[0.0, -0.009999999776482582]
[0.09000000171363354, 0.10000000149011612]
[0.0, -0.009999999776482582]
[0.0, -0.009999999776482582]
[-0.009999999776482582, 0.0]
[0.0, -0.009999999776482582]
[0.0, -0.009999999776482582]
[0.0, -0.009999999776482582]
[-0.009999999776482582, 0.0]
[-0.009999999776482582, 0.0]
[0.0, -0.009999999776482582]
[0.0, -0.009999999776482582]
[0.10000000149011612, -0.009999999776482582]
[0.0, -0.009999999776482582]
[0.0, -0.009999999776482582]
[0.0, -0.009999999776482582]
[0.0, -0.009999999776482582]
[-0.009999999776482582, 0.0]
[0.0, -0.009999999776482582]
[-0.009999999776482582, 0.0]
[-0.009999999776482582, 0.0]
[0.0, -0.009999999776482582]
[0.0, -0.009999999776482582]
[-0.009999999776482582, 0.10000000149011612]
[0.0, -0.009999999776482582]
[0.0, -0.009999999776482582]
[-0.009999999776482582, 0.0]
[0.0, -0.009999999776482582]
[-0.009999999776482582, 0.0]
[0.0, -0.009999999776482582]
[-0.009999999776482582, 0.0]
[-0.009999999776482582, 0.0]
[0.0, 0.09000000171363354]
[0.0, -0.009999999776482582]
[0.0, -0.009999999776482582]
[0.0, -0.009999999776482582]
[0.0, -0.009999999776482582]
[0.0, 0.09000000171363354]
[0.0, -0.009999999776482582]
[0.0, -0.009999999776482582]
[-0.009999999776482582, 0.0]
[-0.009999999776482582, 0.0]
[-0.009999999776482582, 0.0]
[0.0, -0.009999999776482582]
[0.0, -0.009999999776482582]
[-0.009999999776482582, 0.0]
[-0.009999999776482582, 0.0]
[0.10000000149011612, -0.009999999776482582]
[0.0, -0.009999999776482582]
[-0.009999999776482582, 0.0]
[0.0, -0.009999999776482582]
[0.0, -0.009999999776482582]
[-0.009999999776482582, 0.0]
[0.10000000149011612, -0.009999999776482582]
[-0.009999999776482582, 0.0]
[-0.009999999776482582, 0.10000000149011612]
[0.10000000149011612, -0.009999999776482582]
[0.0, -0.009999999776482582]
[0.0, -0.009999999776482582]
[0.0, 0.09000000171363354]
[-0.009999999776482582, 0.0]
[0.0, 0.09000000171363354]
[-0.009999999776482582, 0.0]
[-0.009999999776482582, 0.10000000149011612]
[0.0, 0.09000000171363354]
[0.0, -0.009999999776482582]
[0.10000000149011612, -0.009999999776482582]
[-0.009999999776482582, 0.0]
[0.0, -0.009999999776482582]
[-0.009999999776482582, 0.0]
[0.0, -0.009999999776482582]
[0.09000000171363354, 0.10000000149011612]
[-0.009999999776482582, 0.0]
[-0.009999999776482582, 0.0]
[-0.009999999776482582, 0.10000000149011612]
[-0.009999999776482582, 0.0]
[-0.009999999776482582, 0.0]
[0.0, -0.009999999776482582]
[-0.009999999776482582, 0.0]
[-0.009999999776482582, 0.0]
[0.0, -0.009999999776482582]
[0.0, -0.009999999776482582]
[0.0, -0.009999999776482582]
[0.0, -0.009999999776482582]
[0.0, -0.009999999776482582]
[-0.009999999776482582, 0.10000000149011612]
[0.0, -0.009999999776482582]
[0.0, -0.009999999776482582]
[0.0, -0.009999999776482582]
[0.10000000149011612, 0.09000000171363354]
[0.20000000298023224, 0.19000000320374966]
[0.0, -0.009999999776482582]
[-0.009999999776482582, 0.0]
[0.10000000149011612, -0.009999999776482582]
[-0.009999999776482582, 0.0]
[0.0, -0.009999999776482582]
[-0.009999999776482582, 0.0]
[0.0, -0.009999999776482582]
[0.0, -0.009999999776482582]
[-0.009999999776482582, 0.0]
[0.0, -0.009999999776482582]
[0.0, -0.009999999776482582]
[0.0, -0.009999999776482582]
[-0.009999999776482582, 0.0]
[0.10000000149011612, -0.009999999776482582]
[0.0, -0.009999999776482582]
[0.0, -0.009999999776482582]
[-0.009999999776482582, 0.0]
[0.0, -0.009999999776482582]
[-0.009999999776482582, 0.0]
[0.0, -0.009999999776482582]
[0.0, 0.09000000171363354]
[-0.009999999776482582, 0.0]
[0.0, -0.009999999776482582]
[-0.009999999776482582, 0.0]
[0.0, -0.009999999776482582]
[0.0, -0.009999999776482582]
[-0.009999999776482582, 0.0]
[0.0, -0.009999999776482582]
[0.0, -0.009999999776482582]
[-0.009999999776482582, 0.0]
[0.10000000149011612, -0.009999999776482582]
[-0.009999999776482582, 0.0]
[0.0, -0.009999999776482582]
[0.0, -0.009999999776482582]
[0.0, -0.009999999776482582]
[0.0, -0.009999999776482582]
[-0.009999999776482582, 0.0]
[-0.009999999776482582, 0.10000000149011612]
[0.0, -0.009999999776482582]
[0.0, -0.009999999776482582]
[-0.009999999776482582, 0.0]
[-0.009999999776482582, 0.0]
[0.0, -0.009999999776482582]
[0.0, -0.009999999776482582]
[0.0, -0.009999999776482582]
[-0.009999999776482582, 0.0]
[-0.009999999776482582, 0.0]
[0.0, 0.09000000171363354]
[0.0, 0.09000000171363354]
[-0.009999999776482582, 0.0]
[-0.009999999776482582, 0.0]
[-0.009999999776482582, 0.0]
[0.09000000357627869, 0.0]
[0.0, -0.009999999776482582]
[0.0, -0.009999999776482582]
[0.0, 0.09000000171363354]
[0.0, 0.09000000171363354]
[-0.009999999776482582, 0.0]
[0.0, -0.009999999776482582]
[0.10000000149011612, 0.09000000171363354]
[-0.009999999776482582, 0.0]
[0.0, -0.009999999776482582]
[0.0, -0.009999999776482582]
[0.10000000149011612, -0.009999999776482582]
[-0.009999999776482582, 0.10000000149011612]
[-0.009999999776482582, 0.0]
[0.09000000171363354, 0.10000000149011612]
[-0.009999999776482582, 0.0]
[-0.009999999776482582, 0.0]
[-0.009999999776482582, 0.0]
[0.0, -0.009999999776482582]
[-0.009999999776482582, 0.0]
[0.0, 0.09000000171363354]
[0.20000000298023224, 0.09000000171363354]
[0.0, 0.09000000171363354]
[-0.009999999776482582, 0.0]
[0.10000000149011612, -0.009999999776482582]
[0.0, -0.009999999776482582]
[0.0, 0.09000000171363354]
[-0.009999999776482582, 0.0]
[0.10000000149011612, -0.009999999776482582]
[0.0, -0.009999999776482582]
[-0.009999999776482582, 0.0]
[-0.009999999776482582, 0.0]
[0.10000000149011612, -0.009999999776482582]
[-0.009999999776482582, 0.0]
[0.0, 0.09000000171363354]
[0.0, 0.09000000171363354]
[-0.009999999776482582, 0.0]
[0.0, -0.009999999776482582]
[-0.009999999776482582, 0.0]
[0.0, -0.009999999776482582]
[-0.009999999776482582, 0.0]
[-0.009999999776482582, 0.0]
[0.0, -0.009999999776482582]
[-0.009999999776482582, 0.0]
[0.0, -0.009999999776482582]
[0.0, -0.009999999776482582]
[0.10000000149011612, -0.009999999776482582]
[0.10000000149011612, -0.009999999776482582]
[0.0, -0.009999999776482582]
[0.0, -0.009999999776482582]
[-0.009999999776482582, 0.10000000149011612]
[-0.009999999776482582, 0.0]
[0.0, -0.009999999776482582]
[-0.009999999776482582, 0.0]
[0.0, -0.009999999776482582]
[-0.009999999776482582, 0.0]
[0.0, -0.009999999776482582]
[0.10000000149011612, -0.009999999776482582]
[0.0, -0.009999999776482582]
[0.0, 0.09000000171363354]
[-0.009999999776482582, 0.0]
[-0.009999999776482582, 0.0]
[0.0, -0.009999999776482582]
[0.0, 0.09000000171363354]
[0.0, -0.009999999776482582]
[0.10000000149011612, -0.009999999776482582]
[0.10000000149011612, -0.009999999776482582]
[0.10000000149011612, -0.009999999776482582]
[0.0, -0.009999999776482582]
[0.0, -0.009999999776482582]
[0.0, -0.009999999776482582]
[0.0, -0.009999999776482582]
[0.0, -0.009999999776482582]
[-0.009999999776482582, 0.0]
[0.10000000149011612, -0.009999999776482582]
[0.0, 0.09000000357627869]
[-0.009999999776482582, 0.0]
[0.0, -0.009999999776482582]
[0.0, -0.009999999776482582]
[0.0, -0.009999999776482582]
[-0.009999999776482582, 0.0]
[-0.009999999776482582, 0.0]
[0.0, -0.009999999776482582]
[0.0, -0.009999999776482582]
[0.0, 0.09000000171363354]
[-0.009999999776482582, 0.0]
[0.0, -0.009999999776482582]
[0.0, 0.09000000171363354]
[0.0, -0.009999999776482582]
[-0.009999999776482582, 0.10000000149011612]
[0.0, -0.009999999776482582]
[-0.009999999776482582, 0.0]
[-0.009999999776482582, 0.0]
[0.0, -0.009999999776482582]
[-0.009999999776482582, 0.0]
[0.0, -0.009999999776482582]
[0.0, -0.009999999776482582]
[-0.009999999776482582, 0.0]
[0.0, -0.009999999776482582]
[0.10000000149011612, -0.009999999776482582]
[0.0, -0.009999999776482582]
[-0.009999999776482582, 0.10000000149011612]
[0.10000000149011612, -0.009999999776482582]
[-0.009999999776482582, 0.10000000149011612]
[-0.009999999776482582, 0.0]
[-0.009999999776482582, 0.0]
[-0.009999999776482582, 0.0]
[0.0, -0.009999999776482582]
[0.10000000149011612, -0.009999999776482582]
[-0.009999999776482582, 0.0]
[-0.009999999776482582, 0.0]
[0.0, 0.09000000171363354]
[0.10000000149011612, -0.009999999776482582]
[0.0, -0.009999999776482582]
[0.10000000149011612, 0.09000000171363354]
[0.0, -0.009999999776482582]
[0.0, -0.009999999776482582]
[0.0, -0.009999999776482582]
[-0.009999999776482582, 0.0]
[0.10000000149011612, -0.009999999776482582]
[0.10000000149011612, -0.009999999776482582]
[0.0, -0.009999999776482582]
[0.0, -0.009999999776482582]
[-0.009999999776482582, 0.0]
[0.0, 0.09000000171363354]
[-0.009999999776482582, 0.10000000149011612]
[-0.009999999776482582, 0.10000000149011612]
[0.10000000149011612, -0.009999999776482582]
[0.0, -0.009999999776482582]
[-0.009999999776482582, 0.0]
[-0.009999999776482582, 0.10000000149011612]
[0.10000000149011612, -0.009999999776482582]
[-0.009999999776482582, 0.0]
[0.0, 0.09000000171363354]
[0.0, -0.009999999776482582]
[0.0, -0.009999999776482582]
[-0.009999999776482582, 0.0]
[-0.009999999776482582, 0.0]
[0.10000000149011612, -0.009999999776482582]
[-0.009999999776482582, 0.10000000149011612]
[0.0, -0.009999999776482582]
[-0.009999999776482582, 0.10000000149011612]
[-0.009999999776482582, 0.0]
[0.0, 0.09000000171363354]
[-0.009999999776482582, 0.0]
[0.20000000298023224, 0.2900000046938658]
[0.10000000149011612, -0.009999999776482582]
[0.10000000149011612, -0.009999999776482582]
[-0.009999999776482582, 0.10000000149011612]
[0.10000000149011612, 0.09000000171363354]
[0.10000000149011612, -0.009999999776482582]
[0.0, 0.09000000171363354]
[0.10000000149011612, -0.009999999776482582]
[-0.009999999776482582, 0.10000000149011612]
[0.10000000149011612, -0.009999999776482582]
[-0.009999999776482582, 0.10000000149011612]
[0.10000000149011612, -0.009999999776482582]
[0.0, -0.009999999776482582]
[0.20000000298023224, 0.09000000171363354]
[-0.009999999776482582, 0.10000000149011612]
[0.10000000149011612, -0.009999999776482582]
[-0.009999999776482582, 0.10000000149011612]
[-0.009999999776482582, 0.0]
[0.10000000149011612, -0.009999999776482582]
[0.0, 0.09000000171363354]
[0.10000000149011612, -0.009999999776482582]
[0.10000000149011612, -0.009999999776482582]
[0.10000000149011612, -0.009999999776482582]
[0.09000000171363354, 0.10000000149011612]
[0.0, 0.09000000171363354]
[0.0, 0.09000000171363354]
[0.0, 0.09000000171363354]
[0.20000000298023224, 0.2900000046938658]
[0.09000000171363354, 0.20000000298023224]
[0.10000000149011612, 0.19000000320374966]
[0.0, 0.09000000171363354]
[0.30000000447034836, 0.19000000320374966]
[0.0, 0.09000000171363354]
[0.09000000171363354, 0.10000000149011612]
[0.10000000149011612, -0.009999999776482582]
[0.10000000149011612, -0.009999999776482582]
[0.30000000447034836, 0.2900000046938658]
[0.10000000149011612, -0.009999999776482582]
[0.10000000149011612, -0.009999999776482582]
[0.20000000298023224, 0.2900000065565109]
[0.30000000447034836, 0.19000000320374966]
[0.09000000171363354, 0.10000000149011612]
[0.2900000046938658, 0.4000000059604645]
[0.20000000298023224, 0.09000000171363354]
[0.10000000149011612, -0.009999999776482582]
[0.09000000171363354, 0.20000000298023224]
[0.10000000149011612, -0.009999999776482582]
[0.19000000320374966, 0.20000000298023224]
[0.30000000447034836, 0.2900000046938658]
[0.09000000171363354, 0.20000000298023224]
[0.10000000149011612, -0.009999999776482582]
[-0.009999999776482582, 0.10000000149011612]
[-0.009999999776482582, 0.10000000149011612]
[0.20000000298023224, 0.19000000320374966]
[0.10000000149011612, 0.09000000171363354]
[0.5000000074505806, 0.5900000091642141]
[0.6000000089406967, 0.490000007674098]
[0.3900000061839819, 0.4000000059604645]
[-0.009999999776482582, 0.10000000149011612]
[0.4000000059604645, 0.3900000061839819]
[0.4000000059604645, 0.3900000061839819]
[0.5900000091642141, 0.7000000104308128]
[-0.009999999776482582, 0.0]
[0.20000000298023224, 0.09000000171363354]
[-0.009999999776482582, 0.10000000149011612]
[-0.009999999776482582, 0.10000000149011612]
[0.10000000149011612, 0.09000000171363354]
[0.10000000149011612, -0.009999999776482582]
[0.3900000061839819, 0.4000000059604645]
[0.4000000059604645, 0.3900000061839819]
[0.7000000104308128, 0.6900000106543303]
[0.10000000149011612, -0.009999999776482582]
[0.3900000061839819, 0.5000000074505806]
[2.600000038743019, 2.600000038743019]
[0.2900000046938658, 0.30000000447034836]
[2.600000038743019, 2.600000038743019]
[1.1900000181049109, 1.2000000178813934]
[0.6000000089406967, 0.490000007674098]
[0.8900000136345625, 1.0000000149011612]
[0.800000011920929, 0.7900000121444464]
[0.30000000447034836, 0.19000000320374966]
[0.8900000136345625, 1.0000000149011612]
[0.20000000298023224, 0.19000000320374966]
[0.6000000089406967, 0.490000007674098]
[-0.009999999776482582, 0.10000000149011612]
[0.20000000298023224, 0.19000000320374966]
[0.3900000061839819, 0.4000000059604645]
[0.09000000171363354, 0.10000000149011612]
[0.19000000320374966, 0.30000000447034836]
[0.10000000149011612, -0.009999999776482582]
[0.10000000149011612, -0.009999999776482582]
[0.20000000298023224, 0.09000000171363354]
[0.30000000447034836, 0.19000000320374966]
[0.3900000061839819, 0.4000000059604645]
[0.5000000074505806, 0.3900000061839819]
[0.10000000149011612, -0.009999999776482582]
[0.0, 0.09000000171363354]
[0.30000000447034836, 0.2900000046938658]
[-0.009999999776482582, 0.10000000149011612]
[-0.009999999776482582, 0.10000000149011612]
[0.19000000320374966, 0.20000000298023224]
[0.20000000298023224, 0.09000000171363354]
[0.19000000320374966, 0.20000000298023224]
[0.3900000061839819, 0.4000000059604645]
[0.09000000171363354, 0.20000000298023224]
[0.10000000149011612, -0.009999999776482582]
[0.30000000447034836, 0.2900000046938658]
[0.10000000149011612, 0.09000000171363354]
[0.0, 0.09000000171363354]
[0.5900000091642141, 0.6000000089406967]
[0.09000000171363354, 0.20000000298023224]
[0.19000000320374966, 0.20000000298023224]
[0.10000000149011612, 0.09000000171363354]
[0.10000000149011612, -0.009999999776482582]
[0.10000000149011612, -0.009999999776482582]
[0.5000000074505806, 0.490000007674098]
[0.6900000106543303, 0.7000000104308128]
[0.2900000046938658, 0.30000000447034836]
[0.09000000171363354, 0.20000000298023224]
[0.19000000320374966, 0.20000000298023224]
[0.6000000089406967, 0.490000007674098]
[0.30000000447034836, 0.19000000320374966]
[0.7000000104308128, 0.5900000091642141]
[0.20000000298023224, 0.09000000171363354]
[0.20000000298023224, 0.19000000320374966]
[0.10000000149011612, 0.09000000171363354]
[0.490000007674098, 0.6000000089406967]
[0.3900000061839819, 0.4000000059604645]
[0.10000000149011612, 0.09000000171363354]
[0.4000000059604645, 0.19000000320374966]
[0.09000000171363354, 0.10000000149011612]
[0.10000000149011612, -0.009999999776482582]
[0.30000000447034836, 0.3900000061839819]
[0.20000000298023224, 0.09000000171363354]
[0.20000000298023224, 0.09000000171363354]
[0.09000000171363354, 0.10000000149011612]
[0.08000000193715096, 0.10000000149011612]
[0.10000000149011612, 0.09000000171363354]
[0.0, -0.009999999776482582]
[-0.009999999776482582, 0.0]
[0.10000000149011612, -0.009999999776482582]
[0.20000000298023224, 0.19000000320374966]
[0.5900000091642141, 0.7000000104308128]
[0.9000000134110451, 0.8900000136345625]
[-0.009999999776482582, 0.0]
[0.30000000447034836, 0.19000000320374966]
[0.10000000149011612, 0.09000000171363354]
[0.3900000061839819, 0.5000000074505806]
[0.19000000320374966, 0.20000000298023224]
[0.490000007674098, 0.6000000089406967]
[0.09000000171363354, 0.20000000298023224]
[0.2900000046938658, 0.30000000447034836]
[1.1900000181049109, 1.2000000178813934]
[0.10000000149011612, 0.09000000171363354]
[0.7000000104308128, 0.6900000106543303]
[0.5000000074505806, 0.3900000061839819]
[0.5000000074505806, 0.490000007674098]
[2.600000038743019, 2.600000038743019]
[2.7000000402331352, 2.600000038743019]
[0.20000000298023224, 0.09000000171363354]
[0.20000000298023224, 0.09000000171363354]
[0.09000000171363354, 0.10000000149011612]
[1.5000000223517418, 1.390000021085143]
[0.9000000134110451, 0.8900000136345625]
[1.1000000163912773, 1.0900000166147947]
[0.10000000149011612, -0.009999999776482582]
[0.2900000046938658, 0.30000000447034836]
[0.490000007674098, 0.6000000089406967]
[2.600000038743019, 2.600000038743019]
[0.6000000089406967, 0.5900000091642141]
[0.09000000171363354, 0.10000000149011612]
[-0.009999999776482582, 0.10000000149011612]
[-0.009999999776482582, 0.10000000149011612]
[-0.009999999776482582, 0.0]
[0.0, 0.09000000171363354]
[-0.009999999776482582, 0.0]
[0.10000000149011612, -0.009999999776482582]
[0.6000000089406967, 0.5900000091642141]
[0.10000000149011612, -0.009999999776482582]
[-0.009999999776482582, 0.0]
[0.10000000149011612, -0.009999999776482582]
[-0.009999999776482582, 0.0]
[0.0, 0.09000000171363354]
[0.3900000061839819, 0.5000000074505806]
[0.10000000149011612, -0.009999999776482582]
[1.290000019595027, 1.3000000193715096]
[0.30000000447034836, 0.2900000046938658]
[0.6800000108778477, 0.7000000104308128]
[0.5000000074505806, 0.3900000061839819]
[0.6000000089406967, 0.6900000106543303]
[1.600000023841858, 1.5900000240653753]
[1.9000000283122063, 1.8900000285357237]
[0.10000000149011612, -0.009999999776482582]
[0.20000000298023224, 0.09000000171363354]
[0.19000000320374966, 0.10000000149011612]
[0.20000000298023224, 0.2900000046938658]
[2.600000038743019, 2.600000038743019]
[2.600000038743019, 2.7000000402331352]
[2.090000031515956, 2.1000000312924385]
[0.7000000104308128, 0.5900000091642141]
[0.3900000061839819, 0.5000000074505806]
[0.4000000059604645, 0.3900000061839819]
[2.600000038743019, 2.600000038743019]
